%% Crossover positions

% This file inputs crossover position data. 

% The data used here come from table S2 in Wang, J., Fan, H. C., Behr, B., & Quake, S. R. (2012).
% Genome-wide single-cell analysis of recombination activity and de novo mutation rates in human sperm.
% Cell, 150(2), 402-412.

% Column 1 is the cell number.

% Column 2 is the chromosome number. 

% Columns 3 and 4 give the start and end position (in bp) of the markers between
% which a crossover has been detected (by exchange of flanking markers).
% We will take the midpoint of these two markers as the position of the crossover.

% Column 5 gives the genomic length of the region between the two markers.

% Column 6 is not relevant to our purposes.

data_mat = [1	1	23764003	24392507	628504	-1
1	1	64084120	64275521	191401	1
1	2	180209195	180487135	277940	-1
1	2	235004581	235090505	85924	1
1	3	4718623	4744091	25468	1
1	4	27477157	27628639	151482	-1
1	4	186923039	186938987	15948	1
1	7	103796057	103942053	145996	1
1	9	4703506	4753473	49967	1
1	10	3767404	3973598	206194	1
1	10	133014951	133247041	232090	-1
1	12	96639411	96835055	195644	1
1	14	28973029	29079079	106050	1
1	14	87782102	88409681	627579	-1
1	15	97725023	97762722	37699	1
1	19	44129251	44754281	625030	-1
1	20	6070238	6198562	128324	-1
1	20	58944782	58998578	53796	1
1	21	32913989	33133551	219562	1
1	22	15707712	15745226	37514	1
2	1	6424119	6551256	127137	1
2	2	32934177	33051997	117820	-1
2	2	97869645	98066320	196675	1
2	2	207569756	207751267	181511	-1
2	3	54321849	54492091	170242	-1
2	5	59475254	59673063	197809	-1
2	7	9243794	9244480	686	1
2	7	139146438	139305051	158613	-1
2	8	129237268	129378870	141602	-1
2	9	1596218	1692108	95890	1
2	9	76912017	77007222	95205	-1
2	10	107753649	107963374	209725	-1
2	12	119384937	119541019	156082	-1
2	13	21692835	21856360	163525	-1
2	14	20619733	20661187	41454	-1
2	15	25008567	25315133	306566	-1
2	15	95840853	96005026	164173	1
2	16	84579125	84600098	20973	-1
2	20	51089321	51276804	187483	-1
2	21	18585834	18629761	43927	-1
2	21	45873891	45877484	3593	1
3	1	173605966	173765673	159707	-1
3	1	244423373	244679233	255860	1
3	2	138776541	139213201	436660	1
3	2	240439368	240492311	52943	-1
3	3	182945470	183137684	192214	1
3	4	25167663	25254703	87040	1
3	4	168559723	168624715	64992	-1
3	6	110348627	110418976	70349	1
3	7	11327466	11605246	277780	-1
3	7	113736859	113907125	170266	1
3	8	3794961	3821823	26862	-1
3	9	12078494	12391828	313334	-1
3	10	4257047	4599528	342481	1
3	11	33339915	33344810	4895	1
3	11	132578753	132634944	56191	-1
3	12	118850224	119384937	534713	1
3	13	108477887	108508169	30282	1
3	15	97873478	97910565	37087	-1
3	20	1134321	1154194	19873	1
3	22	36211459	36309210	97751	-1
4	1	61476951	61591666	114715	-1
4	1	223151954	223622740	470786	1
4	2	131476798	131900045	423247	1
4	3	134912675	135074084	161409	-1
4	4	5814220	5937179	122959	-1
4	4	89472103	89695856	223753	1
4	5	4121355	4311483	190128	-1
4	5	158472688	158693877	221189	1
4	6	9823542	9896736	73194	1
4	6	64678238	65277109	598871	-1
4	6	130110984	130316576	205592	1
4	9	111431364	111439582	8218	-1
4	10	10515198	10602965	87767	1
4	11	113587464	113815679	228215	1
4	12	3731846	3949094	217248	-1
4	12	69687825	69698009	10184	1
4	15	96538622	96695386	156764	1
4	16	26933151	26933688	537	1
4	17	72104451	72227257	122806	1
4	18	55782214	55797289	15075	1
4	20	553000	816640	263640	-1
4	20	59321897	59651027	329130	1
5	1	7475597	7671255	195658	-1
5	1	62572604	62609002	36398	1
5	1	243385311	243447262	61951	-1
5	2	69684953	70433658	748705	1
5	2	177379157	177605173	226016	-1
5	2	240105822	240492311	386489	1
5	3	71782377	71818289	35912	-1
5	4	23426905	24053518	626613	1
5	4	75923167	76132593	209426	-1
5	6	8295531	8948455	652924	1
5	7	30969350	31048676	79326	1
5	7	141818470	141920602	102132	-1
5	9	38362822	38621167	258345	-1
5	10	8124579	8181223	56644	-1
5	10	98426814	98941339	514525	1
5	11	18853095	19032588	179493	-1
5	12	130216484	130532929	316445	1
5	14	94805180	95018213	213033	1
5	16	7459690	7478253	18563	-1
5	17	45997744	46084497	86753	-1
5	18	8266687	8369296	102609	1
6	1	6016322	7168509	1152187	-1
6	1	61615553	61707894	92341	1
6	1	157790252	158150733	360481	-1
6	1	236703233	236703479	246	1
6	2	146560907	148068180	1507273	-1
6	2	223379810	223581834	202024	1
6	3	1090098	1320847	230749	-1
6	3	185309916	185586744	276828	1
6	4	24837920	25168975	331055	-1
6	5	170040193	170041261	1068	-1
6	6	7400000	8900000	1500000	1
6	7	153209079	153641512	432433	-1
6	9	25023044	25532368	509324	1
6	10	119327730	119517261	189531	1
6	11	1706673	2414908	708235	1
6	11	120739816	121141270	401454	-1
6	12	62673596	62737646	64050	1
6	13	54685170	55558902	873732	-1
6	13	111094894	111556696	461802	1
6	14	68204283	68432440	228157	1
6	15	22668286	22721857	53571	-1
6	15	32124174	32316780	192606	1
6	15	90036786	90188861	152075	-1
6	17	11467629	11556670	89041	-1
6	18	9787478	9895144	107666	1
6	18	49394184	50188455	794271	-1
6	18	58438060	58814973	376913	1
6	19	3243313	3266631	23318	-1
6	19	58136975	58191346	54371	1
7	1	44608420	44760118	151698	-1
7	1	203173620	203828119	654499	1
7	2	128959229	129199576	240347	1
7	3	177387754	177505290	117536	1
7	4	21135970	21890382	754412	-1
7	4	169934946	170215390	280444	1
7	5	146546394	146622961	76567	-1
7	6	2925964	3504461	578497	-1
7	8	137671835	137915898	244063	1
7	11	82974494	83477513	503019	1
7	12	2453829	3099396	645567	1
7	12	128647904	128994315	346411	-1
7	13	24228338	24504139	275801	-1
7	14	70158621	71294891	1136270	1
7	17	9790470	9811466	20996	1
7	17	47227729	47284450	56721	-1
7	18	58819659	58906045	86386	-1
7	19	6458764	6575930	117166	1
7	19	59756630	60011011	254381	-1
7	20	5157217	5250760	93543	-1
7	22	31962112	31990345	28233	-1
8	1	206657529	206739106	81577	1
8	2	223384229	223550825	166596	1
8	3	31725524	31841165	115641	1
8	3	194859047	195043139	184092	-1
8	5	77917792	78164331	246539	-1
8	6	19560339	19561788	1449	-1
8	8	140669795	141222171	552376	1
8	9	91459729	91798671	338942	1
8	10	4544109	4628819	84710	1
8	10	126055038	126203588	148550	-1
8	11	26895227	27023895	128668	-1
8	12	659460	841868	182408	1
8	12	111553608	111652751	99143	-1
8	13	112624454	112758481	134027	-1
8	14	68274973	68445592	170619	-1
8	15	54858548	55596108	737560	1
8	16	84772638	84843155	70517	1
8	17	4459381	4518040	58659	1
8	19	36729941	37364360	634419	-1
8	20	1719640	1858382	138742	-1
8	22	43999933	44244295	244362	1
17	1	64809383	64940850	131467	1
17	2	155225276	155259541	34265	-1
17	3	184557700	184614284	56584	1
17	4	5610572	5709301	98729	-1
17	4	142556258	142705559	149301	1
17	5	6941685	7290627	348942	-1
17	6	4555400	4665600	110200	-1
17	7	155416948	155555593	138645	1
17	8	135972325	136270956	298631	1
17	9	791456	968374	176918	-1
17	10	24357487	24534958	177471	1
17	11	132963184	133102127	138943	1
17	12	2030270	3023848	993578	-1
17	12	124403187	124483463	80276	1
17	15	21445700	21732000	286300	-1
17	15	85569854	85590673	20819	1
17	16	9689347	10075398	386051	-1
17	17	36131398	36137791	6393	-1
17	18	62127048	62438256	311208	-1
17	20	54592815	54838055	245240	-1
17	21	34991278	35154726	163448	-1
18	1	40076214	40578535	502321	1
18	1	207728452	207793880	65428	-1
18	2	227782874	227840156	57282	1
18	3	6893584	7000583	106999	-1
18	3	148844857	148923604	78747	1
18	4	177435243	177471628	36385	-1
18	5	157363698	157569900	206202	-1
18	6	11342021	11374751	32730	-1
18	6	105328592	105650693	322101	1
18	7	142915390	144399566	1484176	-1
18	8	2089279	2329657	240378	1
18	8	96625892	96721871	95979	-1
18	9	93251270	93282248	30978	-1
18	10	20646538	20704151	57613	-1
18	11	27689719	28650107	960388	-1
18	11	125904243	125950666	46423	1
18	12	1511722	1655848	144126	-1
18	12	129207885	129420668	212783	1
18	13	47408055	48471224	1063169	-1
18	13	111623098	112348410	725312	1
18	14	37353464	37689919	336455	-1
18	15	33168896	33733396	564500	1
18	17	16452060	17275865	823805	1
18	17	65557857	66044207	486350	-1
18	18	64331018	64361456	30438	1
18	19	6197479	6678395	480916	1
18	19	55023491	55403042	379551	-1
18	21	41455901	41476504	20603	-1
18	22	29780499	30940021	1159522	-1
19	1	11594994	11860637	265643	1
